{
  "advancedEditorSelectedIdentifier" : "ShaderGraphEditorPluginID",
  "openSceneRelativePaths" : [
    "bubble.usda",
    "seaweed\/seaweed.usdc",
    "cobweb.usda",
    "butterfly_bush\/butterfly_bush.usdc",
    "mesh.usda"
  ],
  "recentIdentifiers" : {
    "17C1E076-84E0-4D95-AF8F-530B2E8B1F91" : [

    ],
    "2B1D9878-269C-4481-8B29-FFE19CB5ABAC" : [

    ],
    "354DEB6C-EF7D-4E53-9F85-7E1C6847895E" : [

    ],
    "3999F52E-BE3F-48F1-BE46-909264F5EFDE" : [

    ],
    "4BEB735E-C26D-413D-994A-830A236A78A3" : [

    ],
    "5843FFC5-D214-4CF9-89AA-C30674F92A9D" : [

    ],
    "5D27F8D4-26A7-46B2-879C-461815445861" : [

    ],
    "7827A9D0-F63E-495C-95F6-C548C0A0E8C0" : [

    ],
    "7C8D2F53-4F7B-42DD-9B29-965E27409A8A" : [

    ],
    "8E025336-5F32-4B47-B1CC-12F1BBAEDB96" : [

    ],
    "9E57AA15-20A7-41D1-84F6-735EAD2CDFFF" : [

    ],
    "AF09ED6F-1707-48FD-8720-65B998362C09" : [

    ],
    "BA9CB977-0B49-4314-9663-FC6517EC611B" : [

    ],
    "BCB13861-AA85-4CD0-8C90-9245FF77B799" : [

    ],
    "BEDE1844-239E-4697-BA74-CAD1F2C57306" : [

    ],
    "D187612B-6DF4-4E0A-A3C1-B4049FDBD46B" : [

    ],
    "E2FA761D-9EAD-4955-9DE9-78F319DF0DFA" : [

    ],
    "EC975529-1EF5-4856-84C9-AD070D4B15AD" : [

    ]
  },
  "sceneCameraHistory" : {
    "23E6A0F4-39FE-4147-9927-14A7A5B13BBF" : [
      {
        "date" : 782482219.936978,
        "title" : "Untitled",
        "transform" : [
          1,
          0,
          0,
          0,
          0,
          0.7071069,
          -0.70710677,
          0,
          0,
          0.70710677,
          0.7071069,
          0,
          0,
          0.9430757,
          0.94307595,
          1
        ]
      }
    ],
    "2B1D9878-269C-4481-8B29-FFE19CB5ABAC" : [
      {
        "date" : 782479793.736033,
        "title" : "Untitled",
        "transform" : [
          0.8969468,
          8.4085805e-10,
          0.4421385,
          0,
          0.23083566,
          0.85289097,
          -0.4682861,
          0,
          -0.37709594,
          0.52208906,
          0.76499784,
          0,
          -0.35120687,
          0.73177254,
          0.78422266,
          1
        ]
      },
      {
        "date" : 782479771.279481,
        "title" : "Untitled",
        "transform" : [
          0.8969468,
          8.4085805e-10,
          0.4421385,
          0,
          0.23083566,
          0.85289097,
          -0.4682861,
          0,
          -0.37709594,
          0.52208906,
          0.76499784,
          0,
          -0.69286215,
          1.4436433,
          1.5471171,
          1
        ]
      },
      {
        "date" : 782479736.207369,
        "title" : "Untitled",
        "transform" : [
          0.8969468,
          8.4085805e-10,
          0.4421385,
          0,
          0.23083566,
          0.85289097,
          -0.4682861,
          0,
          -0.37709594,
          0.52208906,
          0.76499784,
          0,
          -0.24875206,
          0.5571513,
          0.59888387,
          1
        ]
      },
      {
        "date" : 782479718.457978,
        "title" : "Untitled",
        "transform" : [
          0.8969468,
          8.4085805e-10,
          0.4421385,
          0,
          0.23083566,
          0.85289097,
          -0.4682861,
          0,
          -0.37709594,
          0.52208906,
          0.76499784,
          0,
          -0.5697259,
          1.2760639,
          1.3716456,
          1
        ]
      },
      {
        "date" : 782479660.786574,
        "title" : "Untitled",
        "transform" : [
          0.8969468,
          9.598004e-09,
          0.44213852,
          0,
          0.23083569,
          0.85289097,
          -0.46828613,
          0,
          -0.37709603,
          0.52208906,
          0.7649977,
          0,
          -0.20541443,
          0.48380262,
          0.49841514,
          1
        ]
      },
      {
        "date" : 782479426.527338,
        "title" : "Untitled",
        "transform" : [
          0.8969468,
          9.598004e-09,
          0.44213852,
          0,
          0.23083569,
          0.85289097,
          -0.46828613,
          0,
          -0.37709603,
          0.52208906,
          0.7649977,
          0,
          -0.101105265,
          0.23812832,
          0.24532063,
          1
        ]
      },
      {
        "date" : 782479340.501982,
        "title" : "Untitled",
        "transform" : [
          0.8969468,
          9.598004e-09,
          0.44213852,
          0,
          0.23083569,
          0.85289097,
          -0.46828613,
          0,
          -0.37709603,
          0.52208906,
          0.7649977,
          0,
          -0.22535342,
          0.530764,
          0.5467949,
          1
        ]
      },
      {
        "date" : 782479290.81249,
        "title" : "Untitled",
        "transform" : [
          0.87754345,
          9.817443e-09,
          0.47949705,
          0,
          0.29467174,
          0.7888831,
          -0.5392885,
          0,
          -0.3782672,
          0.6145433,
          0.69227916,
          0,
          -0.21780512,
          0.5936577,
          0.48125952,
          1
        ]
      },
      {
        "date" : 782478259.379502,
        "title" : "Untitled",
        "transform" : [
          0.91065544,
          9.404323e-09,
          0.4131667,
          0,
          0.23672323,
          0.81959146,
          -0.5217586,
          0,
          -0.338628,
          0.57294846,
          0.74636537,
          0,
          -0.19393894,
          0.56563836,
          0.5233738,
          1
        ]
      },
      {
        "date" : 782478257.101554,
        "title" : "Untitled",
        "transform" : [
          0.91065544,
          9.404323e-09,
          0.4131667,
          0,
          0.23672323,
          0.81959146,
          -0.5217586,
          0,
          -0.338628,
          0.57294846,
          0.74636537,
          0,
          -0.1404436,
          0.40961492,
          0.37900844,
          1
        ]
      }
    ],
    "354DEB6C-EF7D-4E53-9F85-7E1C6847895E" : [
      {
        "date" : 782476003.539729,
        "title" : "Untitled",
        "transform" : [
          0.9779816,
          9.7725135e-09,
          0.208691,
          0,
          0.1448494,
          0.7198925,
          -0.67880297,
          0,
          -0.15023506,
          0.6940856,
          0.70404166,
          0,
          -0.25371185,
          1.1066117,
          0.82553285,
          1
        ]
      },
      {
        "date" : 782475941.189491,
        "title" : "Untitled",
        "transform" : [
          0.99858993,
          5.790723e-09,
          0.05308657,
          0,
          0.023107909,
          0.90029156,
          -0.43467358,
          0,
          -0.047793373,
          0.4352874,
          0.8990221,
          0,
          -0.13499552,
          0.34192067,
          1.2092652,
          1
        ]
      },
      {
        "date" : 782472594.493125,
        "title" : "Untitled",
        "transform" : [
          0.99858993,
          5.790723e-09,
          0.05308657,
          0,
          0.023107909,
          0.90029156,
          -0.43467358,
          0,
          -0.047793373,
          0.4352874,
          0.8990221,
          0,
          -0.04013378,
          0.8543778,
          0.9661875,
          1
        ]
      },
      {
        "date" : 782472589.415381,
        "title" : "Untitled",
        "transform" : [
          0.99858993,
          5.790723e-09,
          0.05308657,
          0,
          0.023107909,
          0.90029156,
          -0.43467358,
          0,
          -0.047793373,
          0.4352874,
          0.8990221,
          0,
          -0.07803822,
          0.65818745,
          0.96650016,
          1
        ]
      },
      {
        "date" : 782472574.912115,
        "title" : "Untitled",
        "transform" : [
          1,
          0,
          -0,
          0,
          -0,
          0.7071069,
          -0.7071067,
          0,
          0,
          0.7071067,
          0.7071069,
          0,
          -0.024932861,
          1.7448833,
          1.5034864,
          1
        ]
      }
    ],
    "3999F52E-BE3F-48F1-BE46-909264F5EFDE" : [
      {
        "date" : 787837354.540944,
        "title" : "Untitled",
        "transform" : [
          0.9390528,
          -1.0182363e-08,
          -0.3437727,
          0,
          -0.016702898,
          0.998819,
          -0.04562578,
          0,
          0.34336674,
          0.048586983,
          0.9379438,
          0,
          0.8989534,
          0.12720358,
          2.4555876,
          1
        ]
      },
      {
        "date" : 787837342.430421,
        "title" : "Untitled",
        "transform" : [
          0.9262413,
          -9.901279e-09,
          -0.37693104,
          0,
          -0.034325264,
          0.99584496,
          -0.08434823,
          0,
          0.3753649,
          0.091065034,
          0.9223927,
          0,
          1.4420445,
          0.3498461,
          3.5435681,
          1
        ]
      },
      {
        "date" : 787837309.693592,
        "title" : "Untitled",
        "transform" : [
          0.8582212,
          -6.8651236e-09,
          -0.51328,
          0,
          -0.13421716,
          0.96520644,
          -0.22441554,
          0,
          0.49542117,
          0.26148912,
          0.8283606,
          0,
          4.184612,
          2.208688,
          6.9968095,
          1
        ]
      },
      {
        "date" : 787837274.51155,
        "title" : "Untitled",
        "transform" : [
          0.9720234,
          1.1496528e-09,
          -0.23488441,
          0,
          0.03951761,
          0.9857456,
          0.16353601,
          0,
          0.23153627,
          -0.1682429,
          0.95816773,
          0,
          1.9556879,
          -1.4210755,
          8.093235,
          1
        ]
      },
      {
        "date" : 787837249.379246,
        "title" : "Untitled",
        "transform" : [
          0.85467535,
          -3.91546e-09,
          -0.5191629,
          0,
          -0.17503858,
          0.941449,
          -0.2881584,
          0,
          0.4887654,
          0.3371554,
          0.80463326,
          0,
          4.1283927,
          2.8478086,
          6.796395,
          1
        ]
      },
      {
        "date" : 787837144.633773,
        "title" : "Untitled",
        "transform" : [
          0.9741251,
          -1.430877e-09,
          -0.22600958,
          0,
          -0.022307217,
          0.9951173,
          -0.09614646,
          0,
          0.22490603,
          0.098700345,
          0.9693687,
          0,
          1.8996853,
          0.8336798,
          8.187844,
          1
        ]
      },
      {
        "date" : 787837018.141294,
        "title" : "Untitled",
        "transform" : [
          1,
          0,
          0,
          0,
          0,
          0.7071069,
          -0.70710677,
          0,
          0,
          0.70710677,
          0.7071069,
          0,
          0,
          5.972629,
          5.97263,
          1
        ]
      }
    ],
    "4BEB735E-C26D-413D-994A-830A236A78A3" : [
      {
        "date" : 787748648.904943,
        "title" : "Untitled",
        "transform" : [
          0.9869881,
          -5.904367e-09,
          -0.16079278,
          0,
          -0.018395906,
          0.99343383,
          -0.11291892,
          0,
          0.159737,
          0.11440758,
          0.98050743,
          0,
          0.0070696436,
          0.0036781812,
          0.03961265,
          1
        ]
      },
      {
        "date" : 782321304.522007,
        "title" : "Untitled",
        "transform" : [
          0.9869881,
          -5.904367e-09,
          -0.16079278,
          0,
          -0.018395906,
          0.99343383,
          -0.11291892,
          0,
          0.159737,
          0.11440758,
          0.98050743,
          0,
          0.006469364,
          0.0033658687,
          0.03624916,
          1
        ]
      },
      {
        "date" : 769453960.747209,
        "title" : "Untitled",
        "transform" : [
          0.9869882,
          -6.278319e-09,
          -0.16079278,
          0,
          -0.01839592,
          0.9934339,
          -0.11291892,
          0,
          0.15973704,
          0.11440761,
          0.98050755,
          0,
          0.008347598,
          0.009111592,
          0.053156115,
          1
        ]
      },
      {
        "date" : 769453565.129373,
        "title" : "Untitled",
        "transform" : [
          0.9869882,
          -6.278319e-09,
          -0.16079278,
          0,
          -0.01839592,
          0.9934339,
          -0.11291892,
          0,
          0.15973704,
          0.11440761,
          0.98050755,
          0,
          0.012058638,
          0.013162275,
          0.0767874,
          1
        ]
      },
      {
        "date" : 769453560.675587,
        "title" : "Untitled",
        "transform" : [
          0.9986144,
          -6.278319e-09,
          0.052623674,
          0,
          0.00602054,
          0.9934339,
          -0.11424905,
          0,
          -0.05227813,
          0.11440761,
          0.99205744,
          0,
          -0.0041154763,
          0.009006483,
          0.07809741,
          1
        ]
      },
      {
        "date" : 769453552.274186,
        "title" : "Untitled",
        "transform" : [
          0.9986144,
          -6.278319e-09,
          0.052623674,
          0,
          0.00602054,
          0.9934339,
          -0.11424905,
          0,
          -0.05227813,
          0.11440761,
          0.99205744,
          0,
          -0.0015408474,
          0.0033720555,
          0.029239919,
          1
        ]
      },
      {
        "date" : 769453543.664278,
        "title" : "Untitled",
        "transform" : [
          0.9986144,
          -6.278319e-09,
          0.052623674,
          0,
          0.00602054,
          0.9934339,
          -0.11424905,
          0,
          -0.05227813,
          0.11440761,
          0.99205744,
          0,
          -0.0005632234,
          0.0012325818,
          0.010688019,
          1
        ]
      },
      {
        "date" : 769453539.996732,
        "title" : "Untitled",
        "transform" : [
          0.9872612,
          -6.248843e-09,
          -0.15910792,
          0,
          -0.027082345,
          0.9854072,
          -0.16804531,
          0,
          0.1567861,
          0.17021367,
          0.97285426,
          0,
          0.0016891488,
          0.0018338134,
          0.010481132,
          1
        ]
      },
      {
        "date" : 769453527.313701,
        "title" : "Untitled",
        "transform" : [
          0.9872612,
          -6.248843e-09,
          -0.15910792,
          0,
          -0.027082345,
          0.9854072,
          -0.16804531,
          0,
          0.1567861,
          0.17021367,
          0.97285426,
          0,
          0.05801731,
          0.06298613,
          0.3599962,
          1
        ]
      },
      {
        "date" : 769453511.927895,
        "title" : "Untitled",
        "transform" : [
          0.8957059,
          -6.5536385e-09,
          -0.44464698,
          0,
          -0.1430419,
          0.9468425,
          -0.28814647,
          0,
          0.42101064,
          0.32169768,
          0.8480924,
          0,
          0.15579128,
          0.11904146,
          0.31382915,
          1
        ]
      }
    ],
    "4F9C9140-5469-4BFE-A3B5-AB8D39EB05DC" : [
      {
        "date" : 787749681.111768,
        "title" : "Untitled",
        "transform" : [
          0.9021334,
          1.4158612e-09,
          0.4314572,
          0,
          0.38221207,
          0.46394628,
          -0.7991669,
          0,
          -0.20017295,
          0.8858633,
          0.4185414,
          0,
          -0.4153198,
          3.7369142,
          1.1071221,
          1
        ]
      },
      {
        "date" : 787749673.326217,
        "title" : "Untitled",
        "transform" : [
          0.95670056,
          -7.734218e-09,
          0.29107395,
          0,
          0.087404065,
          0.9538507,
          -0.28727934,
          0,
          -0.2776411,
          0.30028138,
          0.91254944,
          0,
          -1.4756612,
          1.5959917,
          4.8501973,
          1
        ]
      },
      {
        "date" : 787749666.408992,
        "title" : "Untitled",
        "transform" : [
          0.95670056,
          -7.734218e-09,
          0.29107395,
          0,
          0.087404065,
          0.9538507,
          -0.28727934,
          0,
          -0.2776411,
          0.30028138,
          0.91254944,
          0,
          -0.09906606,
          0.10714427,
          0.32560995,
          1
        ]
      },
      {
        "date" : 787749659.49105,
        "title" : "Untitled",
        "transform" : [
          0.95670056,
          -7.734218e-09,
          0.29107395,
          0,
          0.087404065,
          0.9538507,
          -0.28727934,
          0,
          -0.2776411,
          0.30028138,
          0.91254944,
          0,
          -0.13804895,
          0.14930597,
          0.4537388,
          1
        ]
      },
      {
        "date" : 787749637.801625,
        "title" : "Untitled",
        "transform" : [
          0.95670056,
          -7.734218e-09,
          0.29107395,
          0,
          0.087404065,
          0.9538507,
          -0.28727934,
          0,
          -0.2776411,
          0.30028138,
          0.91254944,
          0,
          -0.5052278,
          0.54642665,
          1.6605803,
          1
        ]
      },
      {
        "date" : 782488078.965333,
        "title" : "Untitled",
        "transform" : [
          0.95670056,
          -7.734218e-09,
          0.29107395,
          0,
          0.08740407,
          0.9538508,
          -0.28727937,
          0,
          -0.27764112,
          0.3002814,
          0.91254956,
          0,
          -0.7180631,
          0.7766177,
          2.3601267,
          1
        ]
      }
    ],
    "5843FFC5-D214-4CF9-89AA-C30674F92A9D" : [
      {
        "date" : 782501676.226424,
        "title" : "Untitled",
        "transform" : [
          0.999311,
          1.3118279e-09,
          -0.037118085,
          0,
          -0.012636097,
          0.94027,
          -0.340195,
          0,
          0.034901004,
          0.3404295,
          0.93962216,
          0,
          0.020290723,
          0.43514267,
          0.46400887,
          1
        ]
      },
      {
        "date" : 782493575.179487,
        "title" : "Untitled",
        "transform" : [
          0.9820842,
          1.2564078e-09,
          -0.18844299,
          0,
          -0.10578969,
          0.82755244,
          -0.55133057,
          0,
          0.15594645,
          0.5613883,
          0.81272626,
          0,
          0.075496964,
          0.56433946,
          0.37725335,
          1
        ]
      },
      {
        "date" : 782493573.696859,
        "title" : "Untitled",
        "transform" : [
          0.9820842,
          1.2564078e-09,
          -0.18844299,
          0,
          -0.10578969,
          0.82755244,
          -0.55133057,
          0,
          0.15594645,
          0.5613883,
          0.81272626,
          0,
          0.06920928,
          0.51733905,
          0.3458342,
          1
        ]
      },
      {
        "date" : 782493532.472162,
        "title" : "Untitled",
        "transform" : [
          0.99999166,
          -2.0789628e-10,
          -0.004101264,
          0,
          -0.002696451,
          0.7534822,
          -0.6574629,
          0,
          0.0030902294,
          0.6574684,
          0.7534759,
          0,
          -0.0024172165,
          0.31941468,
          0.2141814,
          1
        ]
      },
      {
        "date" : 782476791.101864,
        "title" : "Untitled",
        "transform" : [
          0.99999166,
          -2.0789628e-10,
          -0.004101264,
          0,
          -0.002696451,
          0.7534822,
          -0.6574629,
          0,
          0.0030902294,
          0.6574684,
          0.7534759,
          0,
          -0.005712103,
          0.75480604,
          0.50613016,
          1
        ]
      },
      {
        "date" : 782472426.663994,
        "title" : "Untitled",
        "transform" : [
          0.9999916,
          -2.8496348e-11,
          -0.004101264,
          0,
          -0.0026964508,
          0.75348216,
          -0.6574628,
          0,
          0.0030902296,
          0.6574683,
          0.75347596,
          0,
          0.04931193,
          0.77132183,
          0.50320566,
          1
        ]
      }
    ],
    "5D27F8D4-26A7-46B2-879C-461815445861" : [
      {
        "date" : 782578224.870028,
        "title" : "Untitled",
        "transform" : [
          0.9984591,
          2.1811846e-09,
          0.055493373,
          0,
          0.029519122,
          0.84678143,
          -0.5311214,
          0,
          -0.046990573,
          0.53194106,
          0.8454766,
          0,
          0.10143203,
          1.2499814,
          1.219901,
          1
        ]
      },
      {
        "date" : 782578219.403122,
        "title" : "Untitled",
        "transform" : [
          0.99835736,
          3.7382115e-09,
          -0.057293523,
          0,
          -0.009614276,
          0.9858201,
          -0.16753025,
          0,
          0.0564813,
          0.1678059,
          0.9842008,
          0,
          0.07311766,
          0.19427882,
          0.4455344,
          1
        ]
      },
      {
        "date" : 782509063.824059,
        "title" : "Untitled",
        "transform" : [
          0.9997607,
          3.3873708e-09,
          -0.021873266,
          0,
          -0.008723615,
          0.9170284,
          -0.39872617,
          0,
          0.020058597,
          0.3988216,
          0.916809,
          0,
          0.14948083,
          0.7906038,
          1.0369614,
          1
        ]
      },
      {
        "date" : 782490661.143117,
        "title" : "Untitled",
        "transform" : [
          0.99986243,
          3.606196e-09,
          -0.016582744,
          0,
          -0.008063409,
          0.87382084,
          -0.48618102,
          0,
          0.0144905355,
          0.4862479,
          0.8737007,
          0,
          0.14263265,
          0.8881435,
          0.95579547,
          1
        ]
      },
      {
        "date" : 782490624.72897,
        "title" : "Untitled",
        "transform" : [
          0.9843504,
          8.205529e-09,
          -0.17622223,
          0,
          -0.048838492,
          0.9608292,
          -0.27280396,
          0,
          0.16931961,
          0.277141,
          0.94579256,
          0,
          0.2093127,
          0.7832192,
          0.97776884,
          1
        ]
      },
      {
        "date" : 782490562.862004,
        "title" : "Untitled",
        "transform" : [
          0.9999927,
          6.8565313e-09,
          -0.003803873,
          0,
          -0.00013187168,
          0.99939954,
          -0.034649815,
          0,
          0.0038017381,
          0.034649987,
          0.9993922,
          0,
          0.03814502,
          0.5160851,
          1.159947,
          1
        ]
      },
      {
        "date" : 782490536.38047,
        "title" : "Untitled",
        "transform" : [
          0.87630165,
          6.7213404e-09,
          0.48176292,
          0,
          0.10812109,
          0.9744906,
          -0.19666678,
          0,
          -0.46947327,
          0.22442807,
          0.85394776,
          0,
          -0.41255108,
          0.76875377,
          0.9497747,
          1
        ]
      },
      {
        "date" : 782490532.295996,
        "title" : "Untitled",
        "transform" : [
          0.87630165,
          6.7213404e-09,
          0.48176292,
          0,
          0.10812109,
          0.9744906,
          -0.19666678,
          0,
          -0.46947327,
          0.22442807,
          0.85394776,
          0,
          -0.61591834,
          0.71372044,
          1.2684445,
          1
        ]
      },
      {
        "date" : 782490387.812936,
        "title" : "Untitled",
        "transform" : [
          0.87630165,
          6.7213404e-09,
          0.48176292,
          0,
          0.10812109,
          0.9744906,
          -0.19666678,
          0,
          -0.46947327,
          0.22442807,
          0.85394776,
          0,
          -0.22362043,
          0.7490413,
          0.6336022,
          1
        ]
      },
      {
        "date" : 782490380.713325,
        "title" : "Untitled",
        "transform" : [
          0.87630165,
          6.7213404e-09,
          0.48176292,
          0,
          0.10812109,
          0.9744906,
          -0.19666678,
          0,
          -0.46947327,
          0.22442807,
          0.85394776,
          0,
          -0.12364164,
          0.7012471,
          0.4517458,
          1
        ]
      }
    ],
    "7827A9D0-F63E-495C-95F6-C548C0A0E8C0" : [
      {
        "date" : 782567248.783942,
        "title" : "Untitled",
        "transform" : [
          0.005301075,
          8.566756e-09,
          0.999986,
          0,
          0.026806561,
          0.9996406,
          -0.00014228506,
          0,
          -0.9996266,
          0.02680749,
          0.0052985135,
          0,
          -1.0467352,
          0.2524729,
          -0.00019822443,
          1
        ]
      },
      {
        "date" : 782567245.91766,
        "title" : "Untitled",
        "transform" : [
          0.005301075,
          8.566756e-09,
          0.999986,
          0,
          0.026806561,
          0.9996406,
          -0.00014228506,
          0,
          -0.9996266,
          0.02680749,
          0.0052985135,
          0,
          -1.2007357,
          0.28961787,
          -0.00022738811,
          1
        ]
      },
      {
        "date" : 782563533.895719,
        "title" : "Untitled",
        "transform" : [
          0.005301075,
          8.566756e-09,
          0.999986,
          0,
          0.026806561,
          0.9996406,
          -0.00014228506,
          0,
          -0.9996266,
          0.02680749,
          0.0052985135,
          0,
          -1.5014893,
          0.36215976,
          -0.00028434303,
          1
        ]
      },
      {
        "date" : 782563501.4926,
        "title" : "Untitled",
        "transform" : [
          0.017647032,
          8.887886e-09,
          0.9998443,
          0,
          0.21947776,
          0.9756097,
          -0.0038739147,
          0,
          -0.9754577,
          0.2195125,
          0.017215956,
          0,
          -1.4030833,
          0.6455343,
          0.01651898,
          1
        ]
      },
      {
        "date" : 782563472.041824,
        "title" : "Untitled",
        "transform" : [
          0.01764703,
          8.887885e-09,
          0.9998442,
          0,
          0.21947776,
          0.9756097,
          -0.0038739147,
          0,
          -0.9754577,
          0.2195125,
          0.017215956,
          0,
          -1.4583442,
          0.3981997,
          0.039074093,
          1
        ]
      },
      {
        "date" : 782563426.041529,
        "title" : "Untitled",
        "transform" : [
          0.78600895,
          8.261769e-09,
          0.6182151,
          0,
          0.08542859,
          0.9904062,
          -0.10861562,
          0,
          -0.6122846,
          0.13818671,
          0.7784678,
          0,
          -0.9086273,
          0.27635607,
          1.17681,
          1
        ]
      },
      {
        "date" : 782563411.897619,
        "title" : "Untitled",
        "transform" : [
          0.78600895,
          8.261769e-09,
          0.6182151,
          0,
          0.08542859,
          0.9904062,
          -0.10861562,
          0,
          -0.6122846,
          0.13818671,
          0.7784678,
          0,
          -0.9066224,
          0.2759035,
          1.1742604,
          1
        ]
      },
      {
        "date" : 782512346.752586,
        "title" : "Untitled",
        "transform" : [
          0.089958176,
          8.122534e-09,
          0.9959456,
          0,
          0.14087848,
          0.98994505,
          -0.012724938,
          0,
          -0.9859314,
          0.14145263,
          0.089053,
          0,
          -1.4753386,
          0.28079492,
          0.14664534,
          1
        ]
      },
      {
        "date" : 782512176.35575,
        "title" : "Untitled",
        "transform" : [
          0.089958176,
          8.122534e-09,
          0.9959456,
          0,
          0.14087848,
          0.98994505,
          -0.012724938,
          0,
          -0.9859314,
          0.14145263,
          0.089053,
          0,
          -1.1579924,
          0.22039576,
          0.11510182,
          1
        ]
      },
      {
        "date" : 782512148.589899,
        "title" : "Untitled",
        "transform" : [
          0.67299724,
          8.8380565e-09,
          0.73964506,
          0,
          0.21914323,
          0.95510054,
          -0.19939694,
          0,
          -0.7064357,
          0.29628238,
          0.6427794,
          0,
          -0.8170187,
          0.40171206,
          0.7575466,
          1
        ]
      }
    ],
    "7C8D2F53-4F7B-42DD-9B29-965E27409A8A" : [
      {
        "date" : 769356522.34357,
        "title" : "Untitled",
        "transform" : [
          0.9088415,
          0,
          0.41714153,
          0,
          0.29496354,
          0.7071068,
          -0.6426479,
          0,
          -0.2949637,
          0.70710677,
          0.6426481,
          0,
          -0.22587585,
          0.9245114,
          0.6234781,
          1
        ]
      },
      {
        "date" : 769356496.176642,
        "title" : "Untitled",
        "transform" : [
          0.9088415,
          0,
          0.41714153,
          0,
          0.29496354,
          0.7071068,
          -0.6426479,
          0,
          -0.2949637,
          0.70710677,
          0.6426481,
          0,
          -0.04608749,
          0.49351063,
          0.231767,
          1
        ]
      },
      {
        "date" : 769356486.175946,
        "title" : "Untitled",
        "transform" : [
          0.1668597,
          0,
          -0.9859807,
          0,
          -0.69719356,
          0.7071068,
          -0.11798761,
          0,
          0.69719374,
          0.70710677,
          0.11798765,
          0,
          0.23172133,
          0.50547874,
          0.02446793,
          1
        ]
      },
      {
        "date" : 769356480.693201,
        "title" : "Untitled",
        "transform" : [
          0.16600208,
          0,
          -0.9861254,
          0,
          -0.6972959,
          0.7071068,
          -0.11738118,
          0,
          0.6972961,
          0.70710677,
          0.117381215,
          0,
          0.23199508,
          0.5056822,
          0.024068192,
          1
        ]
      },
      {
        "date" : 769356476.37649,
        "title" : "Untitled",
        "transform" : [
          1,
          0,
          0,
          0,
          0,
          0.7071069,
          -0.70710677,
          0,
          0,
          0.70710677,
          0.7071069,
          0,
          -0.035337694,
          0.688442,
          0.42603087,
          1
        ]
      },
      {
        "date" : 769356467.2778,
        "title" : "Untitled",
        "transform" : [
          1,
          0,
          0,
          0,
          0,
          0.7071069,
          -0.70710677,
          0,
          0,
          0.70710677,
          0.7071069,
          0,
          -0.035337694,
          0.54284203,
          0.280431,
          1
        ]
      },
      {
        "date" : 769356420.328166,
        "title" : "Untitled",
        "transform" : [
          1,
          0,
          0,
          0,
          0,
          0.7071069,
          -0.70710677,
          0,
          0,
          0.70710677,
          0.7071069,
          0,
          0.056810953,
          0.71126765,
          0.43136394,
          1
        ]
      },
      {
        "date" : 769356254.383519,
        "title" : "Untitled",
        "transform" : [
          1,
          0,
          0,
          0,
          0,
          0.7071069,
          -0.70710677,
          0,
          0,
          0.70710677,
          0.7071069,
          0,
          0.056810953,
          0.8067771,
          0.5268734,
          1
        ]
      }
    ],
    "8E025336-5F32-4B47-B1CC-12F1BBAEDB96" : [
      {
        "date" : 769356672.673678,
        "title" : "Untitled",
        "transform" : [
          0.7851571,
          0,
          -0.6192967,
          0,
          -0.43790892,
          0.7071068,
          -0.55518985,
          0,
          0.43790895,
          0.7071067,
          0.5551899,
          0,
          0.23266101,
          0.6946799,
          0.32914525,
          1
        ]
      },
      {
        "date" : 769356665.940473,
        "title" : "Untitled",
        "transform" : [
          1,
          0,
          0,
          0,
          0,
          0.7071069,
          -0.70710677,
          0,
          0,
          0.70710677,
          0.7071069,
          0,
          0.010165972,
          0.63108057,
          0.44623622,
          1
        ]
      },
      {
        "date" : 769356631.341624,
        "title" : "Untitled",
        "transform" : [
          1,
          0,
          0,
          0,
          0,
          0.7071069,
          -0.70710677,
          0,
          0,
          0.70710677,
          0.7071069,
          0,
          0.014995755,
          0.93090254,
          0.65823996,
          1
        ]
      }
    ],
    "9E57AA15-20A7-41D1-84F6-735EAD2CDFFF" : [
      {
        "date" : 769433903.441065,
        "title" : "Untitled",
        "transform" : [
          0.98171693,
          -5.8110228e-09,
          0.1903468,
          0,
          0.15307835,
          0.5943485,
          -0.78950423,
          0,
          -0.113132395,
          0.8042075,
          0.583482,
          0,
          -0.008491051,
          0.3764126,
          0.16681828,
          1
        ]
      },
      {
        "date" : 769433871.622886,
        "title" : "Untitled",
        "transform" : [
          0.9992067,
          -8.972327e-09,
          0.039825715,
          0,
          0.016285755,
          0.9125678,
          -0.40860116,
          0,
          -0.03634369,
          0.40892547,
          0.9118438,
          0,
          0.04269341,
          0.19381942,
          0.35456058,
          1
        ]
      },
      {
        "date" : 769433840.774838,
        "title" : "Untitled",
        "transform" : [
          0.9899034,
          -8.780904e-09,
          0.14174397,
          0,
          0.11387809,
          0.5954304,
          -0.79529524,
          0,
          -0.08439869,
          0.8034069,
          0.58941853,
          0,
          0.026085395,
          0.34164163,
          0.2184089,
          1
        ]
      },
      {
        "date" : 769429163.241032,
        "title" : "Untitled",
        "transform" : [
          0.9992313,
          -6.217199e-09,
          0.039202247,
          0,
          0.011842413,
          0.95328104,
          -0.30185273,
          0,
          -0.037370794,
          0.30208492,
          0.9525482,
          0,
          0.14088356,
          0.5092231,
          1.251567,
          1
        ]
      },
      {
        "date" : 769356391.229814,
        "title" : "Untitled",
        "transform" : [
          0.8007249,
          -6.321656e-09,
          -0.5990322,
          0,
          -0.20399058,
          0.9402324,
          -0.27267373,
          0,
          0.56322944,
          0.34053355,
          0.75286746,
          0,
          1.5348678,
          0.95234954,
          1.7347441,
          1
        ]
      },
      {
        "date" : 769356247.059856,
        "title" : "Untitled",
        "transform" : [
          0.8007249,
          -6.321656e-09,
          -0.5990322,
          0,
          -0.20399058,
          0.9402324,
          -0.27267373,
          0,
          0.56322944,
          0.34053355,
          0.75286746,
          0,
          1.4448388,
          1.9270934,
          1.3612052,
          1
        ]
      },
      {
        "date" : 769356149.851481,
        "title" : "Untitled",
        "transform" : [
          0.8007249,
          -6.321656e-09,
          -0.5990322,
          0,
          -0.20399058,
          0.9402324,
          -0.27267373,
          0,
          0.56322944,
          0.34053355,
          0.75286746,
          0,
          0.509087,
          0.5415114,
          0.76738864,
          1
        ]
      },
      {
        "date" : 769356141.964953,
        "title" : "Untitled",
        "transform" : [
          0.8007249,
          -6.321656e-09,
          -0.5990322,
          0,
          -0.20399058,
          0.9402324,
          -0.27267373,
          0,
          0.56322944,
          0.34053355,
          0.75286746,
          0,
          0.13314477,
          0.14162493,
          0.20070003,
          1
        ]
      },
      {
        "date" : 769356140.380512,
        "title" : "Untitled",
        "transform" : [
          0.8007249,
          -4.2650566e-08,
          -0.59903216,
          0,
          -0.20399056,
          0.94023234,
          -0.2726738,
          0,
          0.56322944,
          0.34053355,
          0.75286746,
          0,
          0.13314477,
          0.14162493,
          0.20070003,
          1
        ]
      },
      {
        "date" : 769356127.114548,
        "title" : "Untitled",
        "transform" : [
          0.8007249,
          -4.2650566e-08,
          -0.59903216,
          0,
          -0.20399053,
          0.9402322,
          -0.27267376,
          0,
          0.56322944,
          0.34053355,
          0.75286746,
          0,
          0.5450816,
          0.5797986,
          0.8216463,
          1
        ]
      }
    ],
    "AF09ED6F-1707-48FD-8720-65B998362C09" : [
      {
        "date" : 769345863.960858,
        "title" : "Untitled",
        "transform" : [
          0.9999999,
          1.9194497e-08,
          -0.0004682336,
          0,
          -0.0002114882,
          0.8922024,
          -0.45163575,
          0,
          0.00041775045,
          0.4516358,
          0.89220226,
          0,
          -0.008051839,
          0.5348875,
          0.5074672,
          1
        ]
      },
      {
        "date" : 769345759.059339,
        "title" : "Untitled",
        "transform" : [
          0.9999999,
          1.9194497e-08,
          -0.0004682336,
          0,
          -0.0002114882,
          0.8922024,
          -0.45163575,
          0,
          0.00041775045,
          0.4516358,
          0.89220226,
          0,
          -0.0077105435,
          0.5122151,
          0.48595712,
          1
        ]
      },
      {
        "date" : 769345330.025708,
        "title" : "Untitled",
        "transform" : [
          0.9999999,
          1.9194497e-08,
          -0.0004682336,
          0,
          -0.0002114882,
          0.8922024,
          -0.45163575,
          0,
          0.00041775045,
          0.4516358,
          0.89220226,
          0,
